  - d_model: 128
  - n_layers: 11
  - n_heads: 4
  - lr: 2.6418725799770477e-05
  - batch_size: 128
  - dropout: 0.050086860441943805